0.166666666666667  -0.166666666666667*Sqrt[3]  0.166666666666667*Sqrt[2]  -0.166666666666667*Sqrt[6]  -0.0833333333333333*Sqrt[6]  0.25*Sqrt[10]  0  0  0  0  0  0  0  0  0  0
0.166666666666667*Sqrt[3]  0.166666666666667  -0.0833333333333333*Sqrt[6]  -0.0833333333333333*Sqrt[2]  0  0  -0.0833333333333333*Sqrt[30]  0.25*Sqrt[10]  0  0  0  0  0  0  0  0
0.166666666666667*Sqrt[2]  -0.166666666666667*Sqrt[6]  -0.0416666666666667  0.0416666666666667*Sqrt[3]  0.0208333333333333*Sqrt[3]  -0.0625*Sqrt[5]  0  0  0.125*Sqrt[3]  -0.375000000000000  -0.187500000000000  0.1875*Sqrt[15]  0  0  0  0
0.166666666666667*Sqrt[6]  0.166666666666667*Sqrt[2]  0.0208333333333333*Sqrt[3]  0.0208333333333333  0  0  0.0208333333333333*Sqrt[15]  -0.0625*Sqrt[5]  -0.187500000000000  -0.0625*Sqrt[3]  0  0  -0.1875*Sqrt[5]  0.1875*Sqrt[15]  0  0
0  0  0.125*Sqrt[3]  -0.375000000000000  0.0625000000000000  -0.0625*Sqrt[15]  0  0  0.375000000000000  -0.375*Sqrt[3]  0.0625*Sqrt[3]  -0.1875*Sqrt[5]  0  0  0  0
0  0  0  0  0.0625*Sqrt[15]  0.0625000000000000  -0.375000000000000  -0.125*Sqrt[3]  0  0  0.1875*Sqrt[5]  0.0625*Sqrt[3]  -0.375*Sqrt[3]  -0.375000000000000  0  0
0  0  0.1875*Sqrt[5]  0.0625*Sqrt[15]  0  0  -0.0625000000000000  0.0625*Sqrt[3]  -0.0625*Sqrt[15]  -0.0625*Sqrt[5]  0  0  0.0208333333333333*Sqrt[3]  -0.0625000000000000  -0.166666666666667*Sqrt[6]  0.5*Sqrt[2]
0  0  0  0  0.1875*Sqrt[5]  0.0625*Sqrt[3]  0.125*Sqrt[3]  0.125000000000000  0  0  -0.0625*Sqrt[15]  -0.0625000000000000  -0.125000000000000  -0.0416666666666667*Sqrt[3]  -0.5*Sqrt[2]  -0.166666666666667*Sqrt[6]
0.166666666666667*Sqrt[6]  -0.5*Sqrt[2]  -0.0416666666666667*Sqrt[3]  0.125000000000000  0.0625000000000000  -0.0625*Sqrt[15]  0  0  -0.125000000000000  0.125*Sqrt[3]  0.0625*Sqrt[3]  -0.1875*Sqrt[5]  0  0  0  0
0.5*Sqrt[2]  0.166666666666667*Sqrt[6]  0.0625000000000000  0.0208333333333333*Sqrt[3]  0  0  0.0625*Sqrt[5]  -0.0625*Sqrt[15]  0.0625*Sqrt[3]  0.0625000000000000  0  0  0.0625*Sqrt[15]  -0.1875*Sqrt[5]  0  0
0  0  0.375000000000000  -0.375*Sqrt[3]  0.0625*Sqrt[3]  -0.1875*Sqrt[5]  0  0  -0.125*Sqrt[3]  0.375000000000000  -0.0625000000000000  0.0625*Sqrt[15]  0  0  0  0
0  0  0  0  0.1875*Sqrt[5]  0.0625*Sqrt[3]  -0.375*Sqrt[3]  -0.375000000000000  0  0  -0.0625*Sqrt[15]  -0.0625000000000000  0.375000000000000  0.125*Sqrt[3]  0  0
0  0  0.1875*Sqrt[15]  0.1875*Sqrt[5]  0  0  -0.0625*Sqrt[3]  0.187500000000000  0.0625*Sqrt[5]  0.0208333333333333*Sqrt[15]  0  0  -0.0208333333333333  0.0208333333333333*Sqrt[3]  0.166666666666667*Sqrt[2]  -0.166666666666667*Sqrt[6]
0  0  0  0  0.1875*Sqrt[15]  0.187500000000000  0.375000000000000  0.125*Sqrt[3]  0  0  0.0625*Sqrt[5]  0.0208333333333333*Sqrt[3]  0.0416666666666667*Sqrt[3]  0.0416666666666667  0.166666666666667*Sqrt[6]  0.166666666666667*Sqrt[2]
0  0  0  0  0  0  0  0  0.25*Sqrt[10]  0.0833333333333333*Sqrt[30]  0  0  -0.0833333333333333*Sqrt[2]  0.0833333333333333*Sqrt[6]  -0.166666666666667  0.166666666666667*Sqrt[3]
0  0  0  0  0  0  0  0  0  0  0.25*Sqrt[10]  0.0833333333333333*Sqrt[6]  0.166666666666667*Sqrt[6]  0.166666666666667*Sqrt[2]  -0.166666666666667*Sqrt[3]  -0.166666666666667